0000000
0001111
0110011
0111100
1010101
1011010
1100110
1101001
0000001
0000010
0000100
0000111
0001000
0001011
0001101
0001110
0010000
0010011
0010101
0010110
0011001
0011010
0011100
0011111
0100000
0100011
0100101
0100110
0101001
0101010
0101100
0101111
0110001
0110010
0110100
0110111
0111000
0111011
0111101
0111110
1000000
1000011
1000101
1000110
1001001
1001010
1001100
1001111
1010001
1010010
1010100
1010111
1011000
1011011
1011101
1011110
1100001
1100010
1100100
1100111
1101000
1101011
1101101
1101110
1110000
1110011
1110101
1110110
1111001
1111010
1111100
1111111
0000011
0000101
0000110
0001001
0001010
0001100
0010001
0010010
0010100
0010111
0011000
0011011
0011101
0011110
0100001
0100010
0100100
0100111
0101000
0101011
0101101
0101110
0110000
0110101
0110110
0111001
0111010
0111111
1000001
1000010
1000100
1000111
1001000
1001011
1001101
1001110
1010000
1010011
1010110
1011001
1011100
1011111
1100000
1100011
1100101
1101010
1101100
1101111
1110001
1110010
1110100
1110111
1111000
1111011
1111101
1111110
